0 0.387380 0.269639 0.113419 0.084926
0 0.119010 0.277070 0.091054 0.065817
0 0.210863 0.695329 0.338658 0.265393
0 0.500799 0.818471 0.071885 0.116773
0 0.650958 0.836518 0.180511 0.144374
0 0.783546 0.629512 0.062300 0.065817
0 0.748403 0.526539 0.049521 0.076433
0 0.845847 0.492569 0.110224 0.157113
0 0.563099 0.680467 0.110224 0.091295
0 0.472843 0.422505 0.198083 0.161359
0 0.603035 0.169851 0.091054 0.080679
0 0.948882 0.366242 0.044728 0.091295
0 0.650958 0.969214 0.023962 0.044586
0 0.649361 0.042463 0.052716 0.046709
0 0.701278 0.216561 0.054313 0.089172
