0 0.540104 0.693058 0.130208 0.209828
0 0.654167 0.719969 0.021875 0.141966
0 0.727083 0.762090 0.035417 0.098284
0 0.834115 0.770281 0.115104 0.092824
0 0.853906 0.848284 0.032813 0.025741
0 0.788542 0.851794 0.052083 0.034321
0 0.586979 0.834633 0.029167 0.054602
0 0.470573 0.850234 0.022396 0.015601
0 0.509115 0.847114 0.029687 0.043682
0 0.420052 0.848284 0.043229 0.021061
0 0.359635 0.843994 0.036979 0.034321
0 0.307812 0.846334 0.021875 0.024961
0 0.267708 0.858034 0.047917 0.034321
0 0.436458 0.732839 0.034375 0.060062
0 0.353385 0.740250 0.049479 0.048362
0 0.536979 0.511310 0.022917 0.069423
0 0.172396 0.721919 0.028125 0.053822
0 0.275781 0.728549 0.070312 0.057722
