1 0.503000 0.376312 0.092000 0.149925
1 0.641000 0.429535 0.134000 0.085457
1 0.613500 0.638681 0.055000 0.116942
1 0.668500 0.254873 0.137000 0.185907
1 0.834500 0.263118 0.139000 0.112444
1 0.280500 0.256372 0.219000 0.293853
1 0.503500 0.119190 0.149000 0.217391
0 0.366500 0.458771 0.161000 0.143928
0 0.486500 0.548726 0.045000 0.098951
0 0.526500 0.486507 0.045000 0.046477
0 0.652000 0.759370 0.124000 0.115442
0 0.526000 0.826837 0.070000 0.082459
0 0.838000 0.350825 0.068000 0.029985
0 0.777500 0.346327 0.023000 0.035982
