0 0.342000 0.719640 0.082000 0.179910
0 0.472000 0.542729 0.112000 0.158921
0 0.664500 0.469265 0.069000 0.116942
0 0.584500 0.526237 0.079000 0.278861
0 0.226500 0.401049 0.239000 0.211394
0 0.303500 0.534483 0.047000 0.073463
0 0.269000 0.649925 0.034000 0.067466
0 0.445000 0.242129 0.044000 0.070465
0 0.631000 0.347826 0.024000 0.035982
0 0.483000 0.761619 0.174000 0.194903
0 0.214500 0.702399 0.019000 0.043478
0 0.665500 0.596702 0.073000 0.125937
1 0.709500 0.350825 0.093000 0.167916
1 0.599500 0.164918 0.215000 0.266867
1 0.287500 0.178411 0.419000 0.329835
1 0.383500 0.490255 0.099000 0.308846
1 0.854500 0.240630 0.193000 0.355322
1 0.227500 0.893553 0.063000 0.155922
