1 0.588542 0.097018 0.822917 0.190768
1 0.840686 0.323121 0.306985 0.085784
0 0.777114 0.272672 0.221507 0.050245
0 0.440104 0.196078 0.054228 0.041667
0 0.499847 0.211397 0.066483 0.015114
0 0.544271 0.265523 0.025429 0.023693
0 0.172335 0.233252 0.053615 0.098039
0 0.247089 0.296569 0.102022 0.077614
0 0.329350 0.361111 0.104167 0.093954
0 0.313419 0.443627 0.082721 0.032680
0 0.416360 0.477328 0.137255 0.055147
0 0.500919 0.524510 0.214461 0.077614
0 0.440870 0.598039 0.137255 0.053105
0 0.435815 0.670547 0.139400 0.071487
0 0.684743 0.704657 0.297181 0.209150
0 0.800398 0.859477 0.277267 0.142974
0 0.844056 0.964461 0.258578 0.071078
