0 0.441146 0.773611 0.533333 0.452778
0 0.816667 0.658333 0.033333 0.075926
0 0.930729 0.642130 0.023958 0.050926
0 0.986198 0.596296 0.024479 0.062963
0 0.972396 0.412963 0.055208 0.125926
0 0.858073 0.343981 0.117188 0.197222
0 0.609635 0.249537 0.029687 0.143519
0 0.575521 0.177778 0.017708 0.051852
0 0.524219 0.226389 0.040104 0.091667
0 0.536719 0.110648 0.014063 0.021296
0 0.464583 0.386574 0.021875 0.032407
0 0.261458 0.442593 0.102083 0.090741
0 0.144271 0.509722 0.087500 0.091667
0 0.266146 0.340741 0.152083 0.059259
0 0.281510 0.239815 0.156771 0.133333
0 0.296354 0.124537 0.072917 0.086111
0 0.115625 0.236111 0.032292 0.027778
0 0.144531 0.310648 0.016146 0.028704
0 0.149740 0.202778 0.045312 0.070370
0 0.032031 0.234722 0.032813 0.036111
0 0.059375 0.577778 0.044792 0.075926
0 0.159375 0.643056 0.033333 0.047222
