0 0.403333 0.520000 0.103333 0.084444
0 0.545000 0.608333 0.173333 0.136667
0 0.818333 0.738889 0.363333 0.168889
0 0.948333 0.615556 0.073333 0.071111
0 0.547083 0.445000 0.119167 0.090000
0 0.401667 0.405556 0.113333 0.073333
0 0.274583 0.412222 0.062500 0.080000
0 0.114583 0.354444 0.044167 0.026667
0 0.043750 0.365556 0.065833 0.060000
0 0.017083 0.415000 0.032500 0.021111
0 0.088750 0.412778 0.040833 0.056667
0 0.946667 0.466667 0.031667 0.044444
0 0.722500 0.565000 0.040000 0.054444
0 0.789583 0.581667 0.064167 0.072222
0 0.839583 0.435556 0.074167 0.064444
0 0.823333 0.501667 0.030000 0.023333
0 0.927500 0.568889 0.021667 0.026667
0 0.630833 0.460000 0.021667 0.037778
1 0.504167 0.200556 0.333333 0.365556
1 0.861667 0.225556 0.250000 0.360000
1 0.150833 0.203333 0.291667 0.291111
