1 0.450000 0.282609 0.116000 0.253373
1 0.775500 0.280360 0.241000 0.269865
1 0.304000 0.528486 0.114000 0.277361
0 0.453500 0.614693 0.103000 0.173913
0 0.482500 0.482009 0.071000 0.073463
0 0.588000 0.532234 0.152000 0.179910
0 0.721500 0.790855 0.145000 0.172414
0 0.742000 0.604198 0.182000 0.218891
0 0.560500 0.918291 0.067000 0.121439
0 0.657000 0.922789 0.098000 0.103448
0 0.835500 0.879310 0.077000 0.085457
0 0.896500 0.965517 0.025000 0.053973
0 0.956500 0.832084 0.029000 0.050975
0 0.603000 0.387556 0.040000 0.067466
0 0.575500 0.771364 0.069000 0.112444
