0 0.418610 0.660463 0.038246 0.032303
0 0.456740 0.649228 0.022621 0.021770
0 0.499883 0.636236 0.047341 0.030899
0 0.739622 0.737886 0.065998 0.025632
0 0.797808 0.794768 0.048041 0.104284
0 0.916861 0.899052 0.115905 0.147823
0 0.291628 0.711025 0.061800 0.030197
0 0.244053 0.752985 0.029618 0.045295
0 0.166861 0.800913 0.019356 0.028090
0 0.123601 0.861833 0.028918 0.062851
0 0.088036 0.944347 0.031483 0.104284
1 0.559935 0.590765 0.120802 0.369733
1 0.668260 0.682058 0.063200 0.240520
1 0.457673 0.315660 0.844916 0.610253
