0 0.813542 0.775799 0.127083 0.101966
0 0.931944 0.789312 0.013889 0.035627
0 0.703819 0.813268 0.013194 0.056511
0 0.629514 0.815111 0.027083 0.047912
0 0.602778 0.818182 0.012500 0.019656
0 0.542014 0.809582 0.054861 0.058968
0 0.487500 0.805283 0.023611 0.072482
0 0.459375 0.808354 0.027083 0.049140
0 0.405556 0.828624 0.029167 0.038084
0 0.381597 0.815111 0.018750 0.050369
0 0.330903 0.810811 0.032639 0.046683
0 0.271181 0.797912 0.017361 0.028256
0 0.216667 0.807740 0.033333 0.038084
0 0.176736 0.815725 0.047917 0.019656
0 0.110069 0.806511 0.032639 0.042998
0 0.031944 0.798526 0.016667 0.024570
