1 0.397461 0.424708 0.234375 0.346491
0 0.555176 0.702485 0.096680 0.185673
0 0.653809 0.721491 0.026367 0.130117
0 0.727051 0.771930 0.030273 0.093567
0 0.782715 0.766813 0.012695 0.045322
0 0.803223 0.761696 0.018555 0.087719
0 0.822754 0.774123 0.008789 0.045322
0 0.865723 0.774123 0.053711 0.089181
0 0.850586 0.846491 0.033203 0.029240
0 0.789551 0.851608 0.045898 0.024854
0 0.586426 0.836257 0.026367 0.046784
0 0.366211 0.739035 0.064453 0.054094
0 0.435547 0.725146 0.029297 0.096491
0 0.532227 0.513889 0.019531 0.062865
0 0.272461 0.730263 0.060547 0.057018
0 0.267578 0.856725 0.056641 0.032164
0 0.394531 0.844298 0.105469 0.033626
0 0.469727 0.850877 0.023438 0.035088
0 0.508301 0.848684 0.034180 0.045322
0 0.179199 0.698830 0.018555 0.122807
