1 0.269000 0.237222 0.520667 0.452222
1 0.648000 0.229444 0.225333 0.230000
0 0.246333 0.731111 0.071333 0.066667
0 0.313000 0.678889 0.079333 0.075556
0 0.383000 0.580556 0.071333 0.098889
0 0.448000 0.528889 0.065333 0.066667
0 0.523333 0.507222 0.042667 0.047778
0 0.599000 0.467222 0.114000 0.076667
0 0.795333 0.335556 0.032000 0.026667
0 0.173333 0.772778 0.020000 0.025556
0 0.110333 0.798333 0.014000 0.023333
0 0.091000 0.811111 0.011333 0.015556
0 0.027333 0.835000 0.053333 0.032222
1 0.260333 0.567778 0.094000 0.111111
