1 0.613494 0.295047 0.738850 0.515514
0 0.349497 0.692570 0.033213 0.043837
0 0.488043 0.466837 0.048776 0.224879
0 0.585310 0.446484 0.025052 0.102761
0 0.692826 0.196840 0.014993 0.087390
0 0.710097 0.257899 0.010059 0.020495
0 0.222718 0.161827 0.019548 0.027612
0 0.156292 0.151580 0.011577 0.021349
0 0.185424 0.111586 0.010249 0.020495
0 0.112545 0.040421 0.013665 0.036436
0 0.162080 0.026615 0.025811 0.043553
0 0.187797 0.758042 0.186942 0.181042
0 0.301291 0.832337 0.014234 0.056931
0 0.371892 0.814119 0.049535 0.038713
0 0.440976 0.770851 0.094325 0.037575
0 0.490511 0.910618 0.159233 0.079135
0 0.212184 0.955736 0.050104 0.064048
0 0.146043 0.978224 0.061682 0.035582
0 0.081704 0.969542 0.026381 0.024481
0 0.073259 0.575149 0.135510 0.138059
0 0.654489 0.779960 0.030556 0.045545
1 0.660277 0.661116 0.180300 0.177911
