0 0.026693 0.531250 0.042969 0.066406
0 0.242188 0.541992 0.343750 0.099609
0 0.462891 0.481445 0.076823 0.033203
0 0.539062 0.479492 0.036458 0.033203
0 0.599609 0.475586 0.042969 0.025391
0 0.125651 0.900391 0.248698 0.148438
0 0.427734 0.756836 0.371094 0.212891
0 0.682943 0.616211 0.256510 0.134766
0 0.894531 0.511719 0.179688 0.082031
1 0.256510 0.313477 0.320312 0.314453
1 0.487630 0.385742 0.123698 0.103516
1 0.616536 0.347656 0.061198 0.210938
1 0.748698 0.385742 0.080729 0.240234
1 0.850911 0.434570 0.040365 0.052734
