1 0.082552 0.365000 0.146341 0.203333
1 0.628518 0.318333 0.123827 0.136667
1 0.188555 0.736667 0.350844 0.526667
1 0.892120 0.231667 0.215760 0.416667
1 0.375235 0.235000 0.450281 0.436667
1 0.614447 0.531667 0.489681 0.136667
1 0.704503 0.748333 0.091932 0.110000
1 0.427767 0.883333 0.180113 0.180000
1 0.696060 0.241667 0.180113 0.456667
0 0.212946 0.563333 0.084428 0.193333
0 0.348968 0.658333 0.180113 0.170000
0 0.542214 0.701667 0.172608 0.130000
0 0.718574 0.635000 0.146341 0.123333
0 0.884615 0.478333 0.024390 0.063333
0 0.922139 0.471667 0.016886 0.030000
0 0.963415 0.503333 0.013133 0.033333
0 0.986867 0.470000 0.026266 0.040000
0 0.224203 0.953333 0.035647 0.066667
