0 0.158833 0.315166 0.219000 0.552133
0 0.396500 0.633294 0.193667 0.291469
0 0.498500 0.952903 0.056333 0.087085
0 0.213500 0.980746 0.029667 0.038507
0 0.127667 0.775770 0.064667 0.148697
0 0.183167 0.679799 0.025667 0.050355
0 0.207333 0.607227 0.028000 0.046209
0 0.352833 0.398697 0.051000 0.107820
0 0.416833 0.258590 0.011667 0.018365
0 0.929833 0.442536 0.039000 0.060427
0 0.979000 0.419727 0.042000 0.072867
0 0.987833 0.721860 0.024333 0.043246
1 0.589667 0.718898 0.135333 0.276659
1 0.497000 0.199645 0.434667 0.362559
